# id	left	top	right	bottom	texture_id
[SPRITES]
#================RED KOOPA================
# move right
30101	279	65	296	93	53
30102	260	65	277	93	53
# move left
30103	27	65	44	93	52
30104	46	65	63	93	52
# lay prone
30105	236	2	253	30	52
30205	235	2	253	30	52
# lay supine
30106	238	40	255	68	52
30206	237	40	255	68	52
# vibrate prone
30107	71	63	89	91	52
30207	70	63	89	91	52
# vibrate supine
30111	278	83	296	111	52
30211	277	83	296	111	52
# spin and move prone
30108	257	1	274	29	52
30109	278	1	295	29	52
30110	248	229	265	257	52
#30105	236	2	253	30	52
# spin and move supine
30112	259	41	276	69	52
30113	280	41	297	69	52
30114	248	265	265	293	52
#30106	238	40	255	68	52

#==============RED PARAKOOPA==============
# left
3049	104	92	121	120	52
3050	125	92	142	120	52
3051	191	241	208	269	52
3052	146	92	163	120	52

#===============GREEN KOOPA===============
# move right
3021	276	117	293	145	53
3022	257	117	274	145	53
# move left
3023	30	117	47	145	52
3024	49	117	66	145	52
# lay prone
3025	256	124	273	152	52
3125	255	124	273	152	52
# lay supine
3026	256	153	273	181	52
3126	255	153	273	181	52
# vibrate prone
3027	74	115	92	143	52
3127	73	115	92	143	52
# vibrate supine
3028	299	184	317	212	52
3128	298	184	317	212	52
# spin and move prone
3029	277	123	294	151	52
3030	298	123	315	151	52
3031	257	184	274	212	52
#3025
# spin and move supine
3032	277	154	294	182	52
3033	298	154	315	182	52
3034	277	184	294	212	52
#3026

#=============GREEN PARAKOOPA=============
# right
3041	202	128	219	156	53
3042	181	128	198	156	53
3043	115	274	132	302	53
3044	160	128	177	156	53
# left
3045	104	128	121	156	52
3046	125	128	142	156	52
3047	191	274	208	302	52
3048	146	128	163	156	52


# ani_id	sprite1_id	time1	sprite2_id	time2	...
[ANIMATIONS]
# ====== RED KOOPA ======
# move right
710	30101	100	30102	100
# move left
711	30103	100	30104	100
# lay prone
712	30105	100
# lay supine or die
713	30106	100
# vibrate prone
714	30105	50	30205	50	30105	50	30205	50	30105	50	30205	50	30107	50	30207	50	30107	50	30207	50
# vibrate supine
715	30106	50	30206	50	30106	50	30206	50	30106	50	30206	50	30111	50	30211	50	30111	50	30211	50
# spin and move prone
716	30108	30	30109	30	30110	30	30105	30
# spin and move supine
717	30112	30	30113	30	30114	30	30106	30

# ====== RED PARAKOOPA ======
# move left
741	3049	65	3050	65	3051	65	3052	65

# ====== GREEN KOOPA ======
# move right
731	3021	100	3022	100
# move left
732	3023	100	3024	100
# lay prone
733	3025	100
# lay supine or die
734	3026	100
# vibrate prone
735	3025	50	3125	50	3025	50	3125	50	3025	50	3125	50	3027	50	3127	50	3027	50	3127	50
# vibrate supine
736	3026	50	3126	50	3026	50	3126	50	3026	50	3126	50	3028	50	3128	50	3028	50	3128	50
# spin and move prone
737	3029	30	3030	30	3031	30	3025	30
# spin and move supine
738	3032	30	3033	30	3034	30	3026	30

# ======= GREEN PARAKOOPA =======
# move right
739	3041	65	3042	65	3043	65	3044	65
# move left
740	3045	65	3046	65	3047	65	3048	65