# list of object assets to load in this scene
[ASSETS]
data\mario.txt
data\HUD.txt
data\world_map_objects.txt
#
[OBJECTS]
# type	x	y	extra_settings per object type
# type: 0 = Mario , 1 = Brick, 2 = Goomba, 3 = Koopas
# See OBJECT_TYPE constants in AssetIDs.h

# MARIO
0	33	56

# OVERWORLD MAP OBJECTS
# help bubble
31	216	111
# gatekeeper
32	176	128
# tussock
30	24	32
30	40	32
30	56	32
30	24	48
30	40	48
30	56	48
30	24	80
30	40	80
30	56	80
30	24	96
30	40	96
30	56	96
30	24	112
30	88	48
30	104	48
30	120	48
30	88	64
30	104	64
30	120	64
30	88	80
30	104	80
30	120	80
30	104	112
30	120	112
30	136	112
30	152	48
30	168	48
30	184	48
30	152	80
30	168	80
30	184	80
30	200	80
30	152	96
30	168	96
30	216	32
30	216	48
30	216	64
30	216	80
30	232	32
30	232	48
30	232	64
30	232	80
30	232	96
30	232	112
30	232	128
30	232	144
30	232	160

# MAP POINT
#type	x	y	aniset	sceneID	left	right	above	under	id
51	40	64	2	1	0	1	0	0	1
51	72	32	2	1	0	1	0	1	2
51	72	64	2	0	1	0	1	0	3
#51	72	80	2	0	0	0	0	1	4
51	72	96	2	0	0	1	1	1	5
51	72	128	2	0	0	0	1	1	6
51	72	160	2	5	0	1	1	0	7
51	104	32	2	0	1	1	0	0	8
51	104	96	2	0	1	1	0	0	9
51	104	128	2	0	0	1	0	0	10
51	104	160	2	0	1	1	0	0	11
51	136	32	2	2	1	1	0	1	12
51	136	64	2	0	0	1	1	1	13
51	136	96	2	0	1	0	1	0	14
51	136	128	2	0	1	1	0	1	15
51	136	160	2	6	1	0	1	0	16
51	168	32	2	3	1	1	0	0	17
51	168	64	2	4	1	1	0	0	18
51	168	128	2	0	1	1	0	0	19
51	200	32	2	0	1	0	0	1	20
51	200	64	2	0	1	0	1	0	21
51	200	128	2	0	1	0	0	0	22

[TILEMAP]
7777	textures\overworld-map.png	data\world-map.txt	11	5	17	52


